6
10
11
12
15
16
17
20
24
26
27
28
30
31
32
33
35
37
39
40
42
45
46
48
50
53
54
56
60
61
62
63
64
65
67
68
70
72
73
74
77
79
83
84
85
87
88
89
91
92
93
96
97
98
100
101
104
105
108
113
114
119
124
126
137
142
145
146
149
163
165
167
172
175
176
177
178
180
182
183
184
188
190
193
198
199
201
202
206
207
209
211
221
223
224
225
226
228
235
241
246
251
253
255
258
259
260
263
266
269
270
273
281
283
299
301
304
306
307
313
314
321
323
326
327
329
334
337
343
345
346
347
349
354
361
367
376
395
406
423
445
452
454
467
475
488
489
499
503
506
514
515
523
524
525
533
551
553
554
557
570
588
631
645
676
687
691
715
728
